<tf.Variable 'dense_160/kernel:0' shape=(100, 4) dtype=float32, numpy=
array([[ 1.31521299e-01,  8.20902646e-01,  6.23299837e-01,
         1.66273132e-01],
       [ 4.04642642e-01,  1.99258134e-01, -8.27714279e-02,
         4.45606589e-01],
       [ 4.98132050e-01,  3.07935715e-01,  2.23310173e-01,
         2.81451106e-01],
       [ 1.28723919e-01,  4.09835167e-02, -2.35893324e-01,
         7.19535863e-04],
       [ 2.10975520e-02, -4.04350609e-02,  1.56060636e-01,
         1.06225582e-02],
       [-1.59914941e-01,  8.48112814e-03,  1.11367151e-01,
        -8.48921463e-02],
       [-1.85189679e-01, -2.23361075e-01,  1.16443463e-01,
        -1.17963322e-01],
       [ 9.32451040e-02, -1.27411718e-02, -1.40120238e-01,
         1.87205702e-01],
       [ 1.43831819e-01,  1.05433486e-01,  7.80126378e-02,
         9.07175988e-02],
       [-2.22027585e-01, -1.46071166e-01,  1.60234779e-01,
        -4.02679220e-02],
       [-1.28961131e-01,  1.84813201e-01,  7.76578486e-02,
         1.57992974e-01],
       [-2.91722834e-01,  1.71245977e-01, -8.80687535e-02,
        -1.13975324e-01],
       [-2.21465483e-01, -2.24839568e-01, -2.03879952e-01,
        -2.68554568e-01],
       [-5.29315412e-01,  5.82748577e-02,  1.74632341e-01,
         1.08727068e-01],
       [-4.68001574e-01, -2.71614820e-01, -3.04159194e-01,
         4.53941599e-02],
       [-4.09972429e-01, -3.11460912e-01,  8.63043591e-02,
         3.12652513e-02],
       [-2.40498126e-01, -6.47916645e-02, -1.42213315e-01,
        -2.44044930e-01],
       [-1.92004964e-01, -2.29242057e-01, -1.59560829e-01,
        -3.81188691e-01],
       [-3.72999847e-01,  1.32885441e-01,  4.46344055e-02,
        -1.15893677e-01],
       [-4.77313519e-01, -8.36432818e-03, -1.64223328e-01,
         7.02342251e-03],
       [-2.16798142e-01, -2.02999398e-01,  1.04523608e-02,
        -1.07679620e-01],
       [-4.60252017e-01,  2.65563056e-02, -1.75253332e-01,
        -4.77476642e-02],
       [-2.41719447e-02, -1.73483819e-01,  7.49576278e-03,
        -2.98659857e-02],
       [-4.13210273e-01, -3.54833335e-01, -3.60397637e-01,
        -3.31555814e-01],
       [-4.64254916e-01, -1.28814876e-01, -5.00026345e-01,
        -3.85161676e-03],
       [-2.04164878e-01, -2.65016884e-01,  2.31898273e-03,
        -4.02322710e-01],
       [-6.09790124e-02, -2.35086590e-01, -9.74930599e-02,
        -1.80963248e-01],
       [-3.76623362e-01, -1.26556605e-01, -1.73946977e-01,
        -2.77917922e-01],
       [-7.17637315e-02,  4.04888269e-05, -1.62642568e-01,
        -2.25903735e-01],
       [-3.56778413e-01, -3.34482610e-01, -3.52301985e-01,
        -2.33010188e-01],
       [ 1.24472350e-01, -4.36519444e-01, -1.10766113e-01,
        -2.11238846e-01],
       [-1.38997748e-01, -2.79399961e-01, -3.23487401e-01,
         3.16510826e-01],
       [-2.55973618e-02, -1.38857514e-01, -2.23485246e-01,
         2.47468442e-01],
       [ 3.62656891e-01, -5.66662967e-01, -2.04305366e-01,
         1.77863017e-01],
       [ 3.13303143e-01, -2.42504105e-01, -4.23534475e-02,
        -4.53302870e-03],
       [ 3.20203185e-01, -9.77484286e-02,  8.54134709e-02,
         4.20335203e-01],
       [ 4.41833645e-01, -4.18147892e-01,  1.39642090e-01,
         1.06192097e-01],
       [ 8.76384452e-02, -2.59107202e-01,  7.11131543e-02,
        -2.78376453e-02],
       [ 1.43401176e-01, -5.06679356e-01,  3.52826118e-02,
         4.65950221e-01],
       [ 1.08657591e-02, -4.49644208e-01,  1.04628794e-01,
        -5.06720059e-02],
       [ 1.26292467e-01, -1.35977969e-01,  2.41775349e-01,
         4.96078879e-01],
       [ 2.29498208e-01, -3.99566181e-02, -1.61655143e-01,
        -3.13204266e-02],
       [ 3.45538765e-01, -6.29184961e-01, -6.04082346e-02,
         3.63767356e-01],
       [ 8.86494219e-02, -1.69181958e-01,  3.77111621e-02,
         9.90348756e-02],
       [ 2.76217312e-01, -2.38378525e-01,  1.49553090e-01,
        -1.29435584e-01],
       [ 5.44499755e-01, -8.67715925e-02,  4.28231984e-01,
        -3.96329194e-01],
       [-8.73225108e-02, -3.55976522e-01, -1.10358827e-01,
        -4.01309609e-01],
       [ 4.46329445e-01, -1.86372757e-01,  4.45046097e-01,
        -5.13307989e-01],
       [ 3.51613343e-01, -4.58521873e-01, -5.85140698e-02,
        -3.42094094e-01],
       [ 5.73143065e-02, -2.75542408e-01, -2.24416807e-01,
        -1.60935700e-01],
       [-9.76591837e-03,  1.30893171e-01, -2.48252690e-01,
        -2.05707848e-01],
       [ 9.88543481e-02, -3.09858248e-02, -2.44068727e-02,
         4.56999801e-03],
       [ 3.03407758e-01,  4.38010991e-02,  5.51244467e-02,
        -9.60321538e-03],
       [ 2.05941722e-01, -3.84247869e-01,  4.27302644e-02,
        -7.26087019e-02],
       [-1.99630722e-01, -2.77611334e-02,  1.18161641e-01,
        -4.02068466e-01],
       [-4.81447764e-02,  1.36226892e-01, -2.22993329e-01,
        -7.60438815e-02],
       [ 1.01515666e-01,  1.11902885e-01,  1.05078541e-01,
         9.35161710e-02],
       [-1.44607708e-01, -3.12248260e-01, -1.59726381e-01,
         2.48758525e-01],
       [ 7.72301406e-02, -4.95142102e-01,  2.54159033e-01,
        -1.32282376e-01],
       [ 7.33997598e-02, -2.07034275e-01,  8.72074664e-02,
        -5.56732059e-01],
       [ 1.61982298e-01, -2.06616800e-02, -1.20793551e-01,
         1.96531583e-02],
       [ 4.85918410e-02, -4.08953995e-01, -4.55930531e-02,
        -1.35915592e-01],
       [-1.47293493e-01,  3.09771717e-01,  2.04140395e-01,
         1.47203673e-02],
       [-1.09252013e-01,  1.16534531e-01, -8.67937207e-02,
        -5.94593175e-02],
       [-6.63733622e-03, -2.08430350e-01, -3.11574072e-01,
        -1.14821665e-01],
       [-3.00363451e-01, -1.30710015e-02, -2.04242170e-01,
        -2.18328401e-01],
       [ 1.02476597e-01, -2.07882881e-01, -3.43255907e-01,
        -2.84215301e-01],
       [ 8.59188810e-02, -3.90230328e-01,  3.63493077e-02,
         3.22204709e-01],
       [-3.78826290e-01,  2.45016769e-01,  9.90912914e-02,
         1.22517973e-01],
       [ 3.66405677e-03,  1.91912994e-01,  6.27798513e-02,
        -4.48969066e-01],
       [-1.28484040e-01,  3.20310354e-01,  1.42144859e-01,
         4.33044136e-01],
       [ 1.99537382e-01,  4.89006132e-01, -2.96516329e-01,
        -3.69782150e-01],
       [-2.39223644e-01,  1.41203701e-01,  1.64710209e-01,
         1.21758416e-01],
       [-4.83316272e-01,  2.15497077e-01,  3.96083705e-02,
         1.97240055e-01],
       [-8.66510198e-02, -1.08390637e-01,  2.29008660e-01,
         2.45044276e-01],
       [ 3.30018648e-03, -1.55495569e-01, -2.52751380e-01,
        -8.47268850e-03],
       [ 7.17324167e-02,  4.91824262e-02,  2.83661544e-01,
         1.68879926e-01],
       [-3.49737145e-02,  2.38109961e-01,  5.69510996e-01,
         1.65980458e-01],
       [-2.14760482e-01,  5.05240619e-01, -3.36825252e-01,
        -6.25506714e-02],
       [ 5.39115667e-02, -2.71718919e-01, -1.25717267e-01,
        -2.39581496e-01],
       [-1.02331124e-01,  2.82331377e-01,  1.55109629e-01,
        -9.12100375e-02],
       [ 1.93793669e-01, -3.50087523e-01,  3.44382338e-02,
        -4.36020553e-01],
       [ 3.13294232e-01,  1.38980597e-01,  4.80624080e-01,
        -2.34233394e-01],
       [ 2.27042407e-01, -1.76926740e-02, -1.89775467e-01,
         3.73903781e-01],
       [-5.14949620e-01,  2.07243748e-02,  4.97058094e-01,
         2.51638055e-01],
       [ 7.78155699e-02, -1.34595737e-01,  1.57912046e-01,
         3.55453789e-01],
       [-7.83130229e-02,  2.98661262e-01, -1.40357599e-01,
         2.46939033e-01],
       [-1.37509137e-01, -6.68611899e-02,  2.58236200e-01,
        -3.17211598e-01],
       [-4.95779030e-02, -3.75656158e-01,  1.31029263e-01,
        -8.89502559e-03],
       [-1.37140796e-01,  4.96308208e-01,  1.40853480e-01,
         1.75551057e-01],
       [-1.08019881e-01,  4.89104211e-01,  3.13446492e-01,
        -9.67636704e-02],
       [-8.84932056e-02, -4.21440192e-02, -1.53465271e-01,
         3.50313991e-01],
       [ 7.94050619e-02,  2.51115739e-01, -2.08577096e-01,
         2.58418083e-01],
       [-4.26828489e-02, -3.07805955e-01,  1.50588214e-01,
        -1.36884615e-01],
       [-1.25065865e-02,  1.76487282e-01, -1.64806936e-02,
         1.44354746e-01],
       [-3.15865993e-01,  3.22330087e-01, -4.40571189e-01,
         2.57973075e-01],
       [ 2.40131721e-01,  6.95338845e-02,  5.18319607e-01,
        -2.33941317e-01],
       [-4.17584442e-02,  6.59716502e-02,  3.13284010e-01,
         1.54815346e-01],
       [-4.22715038e-01,  3.55764180e-01,  2.11375169e-02,
         4.31045927e-02],
       [ 4.00207400e-01, -5.78230200e-03,  2.98620425e-02,
        -3.41137081e-01]], dtype=float32)><tf.Variable 'dense_160/bias:0' shape=(4,) dtype=float32, numpy=array([ 0.14739415,  0.13858312, -0.22429493,  0.11451832], dtype=float32)>

<tf.Variable 'dense_161/kernel:0' shape=(4, 100) dtype=float32, numpy=
array([[ 1.25688908e-03, -1.01680428e-01, -1.97447568e-01,
        -3.43756944e-01, -4.33317065e-01, -4.95493770e-01,
        -5.59049487e-01, -6.18031144e-01, -6.68780446e-01,
        -7.09371865e-01, -7.38893926e-01, -7.57738411e-01,
        -7.66649067e-01, -7.65478492e-01, -7.53569484e-01,
        -7.33664691e-01, -7.09861696e-01, -6.82619631e-01,
        -6.51483238e-01, -6.16871774e-01, -5.78781128e-01,
        -5.37207901e-01, -4.92013395e-01, -4.43597585e-01,
        -3.92698377e-01, -3.39710087e-01, -2.85053670e-01,
        -2.29427129e-01, -1.73736706e-01, -1.19039781e-01,
        -6.64259121e-02, -1.58584826e-02,  3.36836278e-02,
         8.26643184e-02,  1.30731732e-01,  1.76724002e-01,
         2.18337059e-01,  2.52089381e-01,  2.76912212e-01,
         2.99158067e-01,  3.23315024e-01,  3.50763500e-01,
         3.86302263e-01,  4.22569305e-01,  4.43073362e-01,
         4.51094598e-01,  4.52919930e-01,  4.50504422e-01,
         4.44191098e-01,  4.34151351e-01,  4.20691222e-01,
         4.04437095e-01,  3.86441976e-01,  3.68055969e-01,
         3.50314945e-01,  3.32379460e-01,  3.12810391e-01,
         2.91488498e-01,  2.68211424e-01,  2.43459597e-01,
         2.18207344e-01,  1.93058595e-01,  1.68184012e-01,
         1.43627495e-01,  1.19497038e-01,  9.60005820e-02,
         7.34248534e-02,  5.21276630e-02,  3.25176679e-02,
         1.49188023e-02, -6.48431072e-04, -1.44915776e-02,
        -2.69289389e-02, -3.81259471e-02, -4.80977707e-02,
        -5.67160957e-02, -6.37967810e-02, -6.91920966e-02,
        -7.28749186e-02, -7.50055909e-02, -7.59401992e-02,
        -7.61551633e-02, -7.60661513e-02, -7.59267062e-02,
        -7.58807734e-02, -7.58576542e-02, -7.52797350e-02,
        -7.33094513e-02, -6.96178153e-02, -6.45686388e-02,
        -5.86143024e-02, -5.23465350e-02, -4.65645939e-02,
        -4.14864905e-02, -3.76261659e-02, -3.58945318e-02,
        -3.58524472e-02, -3.81286554e-02, -4.06618938e-02,
        -3.83403264e-02],
       [-7.08330376e-03, -2.33994555e-02, -6.09092321e-03,
        -7.17449514e-03, -7.13946577e-03, -4.56357794e-03,
        -1.55789657e-02, -3.33821587e-02, -5.69864102e-02,
        -8.55675265e-02, -1.17242999e-01, -1.49270713e-01,
        -1.79840609e-01, -2.07761049e-01, -2.31776744e-01,
        -2.54586011e-01, -2.81499863e-01, -3.12340856e-01,
        -3.44459534e-01, -3.76315504e-01, -4.08027411e-01,
        -4.39427555e-01, -4.69248712e-01, -4.97108579e-01,
        -5.23485422e-01, -5.47949433e-01, -5.70000231e-01,
        -5.89697421e-01, -6.07304275e-01, -6.22606635e-01,
        -6.34998679e-01, -6.44332469e-01, -6.50967777e-01,
        -6.55064166e-01, -6.56824231e-01, -6.57094836e-01,
        -6.57714725e-01, -6.62621200e-01, -6.74136698e-01,
        -6.84801280e-01, -6.90110981e-01, -6.90313160e-01,
        -6.80920243e-01, -6.69446051e-01, -6.62197649e-01,
        -6.52813017e-01, -6.41332924e-01, -6.27619982e-01,
        -6.11949921e-01, -5.94830334e-01, -5.76660752e-01,
        -5.57892203e-01, -5.39030731e-01, -5.20424008e-01,
        -5.02018929e-01, -4.83067125e-01, -4.62960243e-01,
        -4.41647023e-01, -4.18837965e-01, -3.94756943e-01,
        -3.69976133e-01, -3.44891042e-01, -3.19725633e-01,
        -2.94752359e-01, -2.70319760e-01, -2.46694654e-01,
        -2.23905191e-01, -2.01732293e-01, -1.79973811e-01,
        -1.58764347e-01, -1.38673529e-01, -1.20408200e-01,
        -1.04285084e-01, -9.02317539e-02, -7.80462101e-02,
        -6.75488710e-02, -5.86784855e-02, -5.15053272e-02,
        -4.61360402e-02, -4.25693691e-02, -4.06023599e-02,
        -3.97891998e-02, -3.96409929e-02, -3.98233123e-02,
        -4.01337147e-02, -4.04807143e-02, -4.09958698e-02,
        -4.17952873e-02, -4.26498987e-02, -4.32475172e-02,
        -4.34333496e-02, -4.32862639e-02, -4.31729108e-02,
        -4.34548557e-02, -4.40742001e-02, -4.47802134e-02,
        -4.60143164e-02, -4.74097580e-02, -4.91743945e-02,
        -5.25516085e-02],
       [ 1.15557343e-01, -3.74875776e-02,  4.84163985e-02,
         1.21403381e-01,  4.92428951e-02,  1.41887283e-02,
        -5.52537898e-03, -1.44067639e-02, -1.55440969e-02,
        -1.24392556e-02, -8.56587850e-03, -5.97353466e-03,
        -5.27417660e-03, -7.39935413e-03, -1.38775436e-02,
        -2.16822326e-02, -2.60463264e-02, -2.70254388e-02,
        -2.47525536e-02, -1.92518309e-02, -1.27810296e-02,
        -6.28572190e-03, -1.24136088e-04,  5.84332785e-03,
         1.16481846e-02,  1.68250557e-02,  2.09038239e-02,
         2.38300525e-02,  2.59033404e-02,  2.72373930e-02,
         2.76961587e-02,  2.71491203e-02,  2.54169684e-02,
         2.26637274e-02,  1.95825174e-02,  1.69864222e-02,
         1.63210742e-02,  2.08710451e-02,  3.12630422e-02,
         3.83054130e-02,  3.49526964e-02,  2.21879259e-02,
         4.56568203e-04, -2.43138298e-02, -3.93170193e-02,
        -3.87713015e-02, -3.12823355e-02, -2.36179214e-02,
        -1.66907292e-02, -1.04367845e-02, -4.81045479e-03,
         3.12733027e-04,  5.16765099e-03,  1.00676473e-02,
         1.53331263e-02,  2.13561114e-02,  2.83391476e-02,
         3.61742564e-02,  4.48016375e-02,  5.39355092e-02,
         6.30410984e-02,  7.16256201e-02,  7.94378892e-02,
         8.64992067e-02,  9.29855779e-02,  9.90241989e-02,
         1.04464047e-01,  1.08843647e-01,  1.11819103e-01,
         1.13718316e-01,  1.15441129e-01,  1.17606722e-01,
         1.20080829e-01,  1.22438908e-01,  1.24314755e-01,
         1.25508666e-01,  1.25978842e-01,  1.25765845e-01,
         1.24919645e-01,  1.23391688e-01,  1.20931409e-01,
         1.17136858e-01,  1.11702673e-01,  1.04554251e-01,
         9.58148688e-02,  8.59665275e-02,  7.60201588e-02,
         6.68423623e-02,  5.84912784e-02,  5.07124886e-02,
         4.33200635e-02,  3.64827774e-02,  3.09959278e-02,
         2.71835625e-02,  2.46792007e-02,  2.28103381e-02,
         2.06287019e-02,  1.77813768e-02,  1.40675139e-02,
         9.25468840e-03],
       [-8.50782692e-02, -7.73212537e-02, -1.97975680e-01,
        -1.13120154e-01, -9.62255895e-02, -1.75635204e-01,
        -2.08749905e-01, -2.13857695e-01, -2.03306079e-01,
        -1.84375986e-01, -1.63557708e-01, -1.45395443e-01,
        -1.31496891e-01, -1.24186493e-01, -1.26803353e-01,
        -1.32055119e-01, -1.27466619e-01, -1.14151701e-01,
        -9.78966057e-02, -8.09409767e-02, -6.31628111e-02,
        -4.50937748e-02, -2.89722756e-02, -1.51757132e-02,
        -2.65630544e-03,  8.24652798e-03,  1.71812680e-02,
         2.46968754e-02,  3.17089707e-02,  3.83929014e-02,
         4.36637849e-02,  4.57308702e-02,  4.34226058e-02,
         3.62375900e-02,  2.47190464e-02,  1.19603435e-02,
         5.00875665e-03,  1.50712552e-02,  4.43317704e-02,
         7.31410012e-02,  9.12052467e-02,  9.19566303e-02,
         5.36937155e-02,  4.54187579e-03, -8.09545722e-03,
        -5.13613038e-03,  2.03276140e-04,  7.04783481e-03,
         1.59282368e-02,  2.71411836e-02,  4.05438542e-02,
         5.54889478e-02,  7.08405226e-02,  8.50680843e-02,
         9.65437144e-02,  1.04655765e-01,  1.09896056e-01,
         1.12649553e-01,  1.13618821e-01,  1.13462090e-01,
         1.12522170e-01,  1.11095168e-01,  1.09495163e-01,
         1.07967466e-01,  1.06601223e-01,  1.05305701e-01,
         1.03881136e-01,  1.02012433e-01,  9.90985334e-02,
         9.42168608e-02,  8.68799686e-02,  7.79336095e-02,
         6.87896833e-02,  6.03879578e-02,  5.30694760e-02,
         4.66503054e-02,  4.07681055e-02,  3.52030881e-02,
         3.00277658e-02,  2.56753098e-02,  2.29347069e-02,
         2.26928387e-02,  2.55240854e-02,  3.15356329e-02,
         4.04933766e-02,  5.14087602e-02,  6.19250946e-02,
         6.94121569e-02,  7.29051456e-02,  7.30684698e-02,
         7.07767159e-02,  6.70778826e-02,  6.32787049e-02,
         6.02848865e-02,  5.94094396e-02,  6.23078458e-02,
         6.97567612e-02,  8.18376169e-02,  9.45479050e-02,
         1.04047753e-01]], dtype=float32)><tf.Variable 'dense_161/bias:0' shape=(100,) dtype=float32, numpy=
array([ 0.01468774,  0.00482657,  0.03497972,  0.05007717,  0.05027813,
        0.05630535,  0.06129054,  0.06652597,  0.07213676,  0.077857  ,
        0.08324016,  0.08788372,  0.09167126,  0.09469417,  0.09709858,
        0.09872935,  0.09921514,  0.09855106,  0.09713201,  0.09512158,
        0.0923731 ,  0.08899698,  0.08531011,  0.0815005 ,  0.0775565 ,
        0.07353894,  0.06949194,  0.0653858 ,  0.06114363,  0.05657685,
        0.05138839,  0.04567405,  0.03990519,  0.03441647,  0.02936084,
        0.02466292,  0.02001864,  0.0149596 ,  0.00900584,  0.00273384,
       -0.0033374 , -0.009     , -0.0132192 , -0.01680261, -0.02138803,
       -0.02519979, -0.02835543, -0.03141857, -0.03445682, -0.03748905,
       -0.04050545, -0.04339559, -0.0458918 , -0.04758753, -0.04816728,
       -0.04796945, -0.047555  , -0.04703437, -0.04650294, -0.04587179,
       -0.04494226, -0.04364974, -0.0420551 , -0.04023827, -0.03824314,
       -0.03607608, -0.03372787, -0.03118258, -0.02840175, -0.02533436,
       -0.02198448, -0.01845828, -0.01489369, -0.01138919, -0.0079906 ,
       -0.00469135, -0.0014587 ,  0.0017357 ,  0.00489164,  0.00795775,
        0.01082178,  0.01333835,  0.01539074,  0.01691687,  0.01789389,
        0.01838678,  0.01864616,  0.01899691,  0.01957537,  0.02029538,
        0.02103504,  0.02165346,  0.02201034,  0.02210761,  0.02180387,
        0.02080459,  0.01914725,  0.01649144,  0.01343245,  0.01175709],
      dtype=float32)>

<tf.Variable 'dense_162/kernel:0' shape=(4, 100) dtype=float32, numpy=
array([[-4.60838974e-02,  6.90746866e-03,  8.78935028e-03,
         2.91358232e-02, -3.67638678e-03, -2.05518398e-02,
        -2.03318782e-02, -1.63188744e-02, -1.21381767e-02,
        -8.19868967e-03, -2.66327756e-03,  3.16866627e-03,
         6.65850798e-03,  8.14550556e-03,  6.72537507e-03,
         8.30604928e-04, -1.63019449e-03, -6.46364526e-04,
         5.23984805e-03,  1.22630950e-02,  1.81646589e-02,
         2.13613305e-02,  2.37524677e-02,  2.58558597e-02,
         2.91895643e-02,  3.21790539e-02,  3.41141224e-02,
         3.59904394e-02,  3.71317230e-02,  3.90875936e-02,
         4.12657969e-02,  4.25812341e-02,  4.26170155e-02,
         4.45098281e-02,  4.56449352e-02,  4.51646335e-02,
         4.20403071e-02,  3.42851877e-02,  2.76000518e-02,
         2.84538791e-02,  2.82175019e-02,  2.52276044e-02,
         8.57568718e-03, -1.62957441e-02, -2.39675362e-02,
        -2.01578084e-02, -1.40288761e-02, -7.83588644e-03,
        -1.73460797e-03,  5.30449860e-03,  1.47147905e-02,
         2.64000092e-02,  3.96903865e-02,  4.92643006e-02,
         5.37594408e-02,  5.59928790e-02,  5.68025075e-02,
         5.83370775e-02,  5.98042719e-02,  6.16973527e-02,
         6.29380196e-02,  6.41305298e-02,  6.50808960e-02,
         6.61413595e-02,  6.73777387e-02,  6.77655041e-02,
         6.81866258e-02,  6.90306723e-02,  7.06659257e-02,
         7.41029605e-02,  7.65826777e-02,  7.87291303e-02,
         8.04708600e-02,  8.18301439e-02,  8.27892050e-02,
         8.34274665e-02,  8.38711709e-02,  8.45476538e-02,
         8.55555385e-02,  8.65967423e-02,  8.80019963e-02,
         8.99217576e-02,  9.19030309e-02,  9.29023102e-02,
         9.40162241e-02,  9.50092673e-02,  9.60380435e-02,
         9.83315036e-02,  1.00511156e-01,  1.01492301e-01,
         1.01458736e-01,  1.00557685e-01,  9.89872515e-02,
         9.76208225e-02,  9.74975750e-02,  9.67928097e-02,
         9.47144628e-02,  9.10749510e-02,  8.84249732e-02,
         8.42808932e-02],
       [-5.87599576e-02,  1.05232494e-02,  2.14499179e-02,
         2.06446406e-02, -4.84974124e-03, -1.10526560e-02,
        -1.58887114e-02, -1.80122871e-02, -1.79464258e-02,
        -1.58279631e-02, -1.15158791e-02, -6.05111197e-03,
        -3.04140896e-03, -1.61684689e-03, -1.72319985e-03,
        -6.18112553e-03, -1.08498568e-02, -1.20632118e-02,
        -5.72049059e-03,  7.13726506e-04,  7.31576746e-03,
         1.09927747e-02,  1.42580289e-02,  1.45677784e-02,
         1.68345645e-02,  2.06308290e-02,  2.25741062e-02,
         2.42980905e-02,  2.60099713e-02,  2.74528842e-02,
         2.85595581e-02,  2.98693571e-02,  3.13809626e-02,
         3.51732038e-02,  3.82522829e-02,  3.97895277e-02,
         3.90959755e-02,  3.41067687e-02,  3.51239294e-02,
         2.60607786e-02,  1.95294134e-02,  2.37976499e-02,
         2.22191904e-02,  5.73680922e-03, -4.97993641e-03,
        -5.21026412e-03, -6.83279868e-05,  4.23809141e-03,
         7.54760345e-03,  1.12087866e-02,  1.66220032e-02,
         2.27041747e-02,  2.94253752e-02,  3.29046920e-02,
         3.32551338e-02,  3.38369347e-02,  3.49829681e-02,
         3.69605795e-02,  3.99447605e-02,  4.32672203e-02,
         4.72455211e-02,  5.18245883e-02,  5.46399727e-02,
         5.71531504e-02,  5.99850044e-02,  6.24981001e-02,
         6.51206374e-02,  6.77899048e-02,  7.06783310e-02,
         7.55715445e-02,  7.83345401e-02,  7.93797746e-02,
         7.81597495e-02,  7.71549121e-02,  7.56914467e-02,
         7.40059242e-02,  7.24512637e-02,  7.16569126e-02,
         7.21238330e-02,  7.33181387e-02,  7.61000067e-02,
         7.94811249e-02,  8.22744220e-02,  8.30566958e-02,
         8.15589428e-02,  7.75473192e-02,  7.19491243e-02,
         6.85562938e-02,  6.64295405e-02,  6.33760244e-02,
         5.94495200e-02,  5.58481999e-02,  5.18857762e-02,
         4.75221574e-02,  4.31055948e-02,  3.90272066e-02,
         3.57360132e-02,  3.20465416e-02,  2.92852353e-02,
         2.93038711e-02],
       [-1.05014248e-02,  9.46335495e-02,  7.64097124e-02,
         1.81323215e-02, -3.36752981e-02, -2.87035927e-02,
        -2.54373867e-02, -3.26805338e-02, -4.36604656e-02,
        -5.32043427e-02, -6.02832399e-02, -6.34925663e-02,
        -6.14351779e-02, -5.76344728e-02, -5.39683364e-02,
        -4.62138765e-02, -4.04450446e-02, -3.55531685e-02,
        -3.17450836e-02, -2.91690566e-02, -2.49258205e-02,
        -2.18384843e-02, -1.88302156e-02, -2.17696019e-02,
        -2.98052318e-02, -3.68417688e-02, -4.15387973e-02,
        -4.56859171e-02, -4.89187427e-02, -5.26834615e-02,
        -5.53428717e-02, -5.65373227e-02, -5.68857342e-02,
        -6.03429750e-02, -6.34705052e-02, -6.64079487e-02,
        -6.85065240e-02, -6.54430985e-02, -6.53812960e-02,
        -8.63679796e-02, -9.78687853e-02, -9.19723138e-02,
        -7.19974712e-02, -4.48843576e-02, -3.79952788e-02,
        -4.17238809e-02, -4.68986072e-02, -5.08809090e-02,
        -5.18998094e-02, -5.11889569e-02, -5.02046086e-02,
        -4.99842353e-02, -4.93528992e-02, -5.10374606e-02,
        -5.59589677e-02, -6.20087720e-02, -6.85262382e-02,
        -7.56407976e-02, -8.19862336e-02, -8.78988504e-02,
        -9.24954638e-02, -9.66887847e-02, -1.00440867e-01,
        -1.04115576e-01, -1.11104213e-01, -1.17189966e-01,
        -1.23043768e-01, -1.28022343e-01, -1.31766856e-01,
        -1.35287181e-01, -1.36474892e-01, -1.38768211e-01,
        -1.41990349e-01, -1.44975945e-01, -1.46337196e-01,
        -1.46050096e-01, -1.44355670e-01, -1.41744778e-01,
        -1.38627857e-01, -1.34903803e-01, -1.31468400e-01,
        -1.28871515e-01, -1.26464114e-01, -1.21892922e-01,
        -1.18984118e-01, -1.17829666e-01, -1.19539365e-01,
        -1.24652319e-01, -1.29720703e-01, -1.33645266e-01,
        -1.37749732e-01, -1.37083694e-01, -1.32098258e-01,
        -1.28114864e-01, -1.26908526e-01, -1.23478554e-01,
        -1.16701499e-01, -1.09171398e-01, -1.03336848e-01,
        -9.95429456e-02],
       [ 2.50936925e-01, -4.24213335e-02, -6.75752014e-02,
        -9.38772261e-02,  6.57594800e-02,  1.13247782e-01,
         1.09569162e-01,  1.02090664e-01,  9.63353291e-02,
         8.72775391e-02,  6.90345690e-02,  4.52109501e-02,
         2.73046866e-02,  1.58900581e-02,  1.71622820e-02,
         3.28863747e-02,  3.84275690e-02,  2.91693956e-02,
        -2.31083506e-03, -3.44183408e-02, -6.26214445e-02,
        -7.80213103e-02, -9.07869563e-02, -9.35987681e-02,
        -9.78145748e-02, -1.04007214e-01, -1.06340379e-01,
        -1.09095916e-01, -1.12300888e-01, -1.17091022e-01,
        -1.23365343e-01, -1.29975751e-01, -1.33687556e-01,
        -1.40312970e-01, -1.41973153e-01, -1.35869786e-01,
        -1.19361684e-01, -8.53796378e-02, -5.33857048e-02,
        -2.15178300e-02, -1.36577794e-02, -3.02685983e-02,
         1.31471816e-03,  8.19692239e-02,  1.14192359e-01,
         1.05382606e-01,  8.51290002e-02,  6.39963001e-02,
         4.18326221e-02,  1.51581131e-02, -2.06348468e-02,
        -6.37058243e-02, -1.12555660e-01, -1.43731892e-01,
        -1.56565279e-01, -1.63631037e-01, -1.65986076e-01,
        -1.70232236e-01, -1.76642224e-01, -1.84332594e-01,
        -1.92222357e-01, -1.99149877e-01, -2.01144785e-01,
        -2.01674104e-01, -2.01092884e-01, -1.98703930e-01,
        -1.96114331e-01, -1.94914803e-01, -1.96179166e-01,
        -2.03336090e-01, -2.07741946e-01, -2.09189385e-01,
        -2.06955194e-01, -2.05606058e-01, -2.04283044e-01,
        -2.03452602e-01, -2.03188896e-01, -2.04959676e-01,
        -2.09472090e-01, -2.16167361e-01, -2.26887107e-01,
        -2.38993868e-01, -2.50310153e-01, -2.57992059e-01,
        -2.61132330e-01, -2.59033501e-01, -2.53458381e-01,
        -2.52781808e-01, -2.53113687e-01, -2.51267791e-01,
        -2.46303737e-01, -2.43866235e-01, -2.43104771e-01,
        -2.45206401e-01, -2.48412654e-01, -2.48185784e-01,
        -2.46169418e-01, -2.38831282e-01, -2.31030837e-01,
        -2.22470820e-01]], dtype=float32)><tf.Variable 'dense_162/bias:0' shape=(100,) dtype=float32, numpy=
array([-9.50987823e-03,  2.06621885e-02,  1.70680247e-02,  1.19998967e-02,
       -2.82548461e-03, -6.41350262e-03, -6.85731648e-03, -7.50382151e-03,
       -8.32698587e-03, -8.96705780e-03, -8.86203814e-03, -8.14048853e-03,
       -7.26673426e-03, -6.63318904e-03, -6.45695534e-03, -6.92907488e-03,
       -7.17371795e-03, -6.81268750e-03, -5.20862453e-03, -3.37202474e-03,
       -1.31725124e-03, -2.62782414e-05,  1.05661154e-03,  1.23942771e-03,
        1.15883839e-03,  1.18778576e-03,  1.24721462e-03,  1.29200972e-03,
        1.12331344e-03,  1.06235500e-03,  1.13749667e-03,  1.12109177e-03,
        9.57083947e-04,  1.14341592e-03,  1.39198510e-03,  1.41615164e-03,
        1.02926022e-03,  4.83026262e-04,  6.20781386e-04, -1.76506967e-03,
       -4.61388705e-03, -5.71326679e-03, -6.69521000e-03, -7.89969042e-03,
       -8.82590842e-03, -8.68589617e-03, -7.93531910e-03, -7.14625232e-03,
       -6.06666692e-03, -4.56095720e-03, -2.42967182e-03,  6.14753517e-05,
        2.92541692e-03,  4.67468798e-03,  4.58939606e-03,  3.79195833e-03,
        2.76779709e-03,  1.91821635e-03,  1.17456540e-03,  6.91935944e-04,
        2.84251175e-04,  1.20037155e-04,  8.17020191e-05,  1.84061442e-04,
       -1.48870386e-04, -5.71089680e-04, -8.79782310e-04, -9.25865315e-04,
       -5.40016335e-04,  5.23014925e-04,  1.51733111e-03,  2.12240522e-03,
        2.31574220e-03,  2.32423167e-03,  2.39095255e-03,  2.55418941e-03,
        2.87884567e-03,  3.43422429e-03,  4.19905037e-03,  5.01398928e-03,
        5.82015002e-03,  6.66536158e-03,  7.47390138e-03,  8.26385058e-03,
        8.81321635e-03,  9.02317185e-03,  8.71349685e-03,  8.17757100e-03,
        7.73856230e-03,  7.05769891e-03,  6.03856053e-03,  5.38207637e-03,
        5.05754119e-03,  4.25930135e-03,  3.31605459e-03,  2.99378065e-03,
        3.07221035e-03,  2.97810137e-03,  3.16840503e-03,  2.80907215e-03],
      dtype=float32)>

